11010110111010000000001111110000
00010010001000110000001001110110
00101111000000010000000000101111
11101101011000011111100011001101
11010111101100110000110001010101
01100100000001110000001010111100
01011101001010000000111010001000
11010100001001101111100101111000
01011100100001001101001101110000
00011101100011101111001100010110
00010000001011100000001011100000
01011110111010001111011100110000
11000100111011010000010001110100
11001010110111100000011100101100
01110001101110011110000010101001
10100011000000101111111101000110
00000010000000000000000000000000
01001100100001101101101111001000
00010101101111001111101001101100
10011010000101011111011110100010
01010000110010001110111010000000
00100100101100001111010011000000
00110110001111010000110011011110
01110011101100001101110000010000
11101000001000111111110010111000
11101000110010000000010101000000
11111010101101000000000111001000
00100011011110000001000001101000
00111100111100001111110001000000
11000101100010000001101110101000
11101101011011011111011111101001
11000000101101010001001011000000
11100011110000100000011100000110
11101100011000011111100001101100
00000000111110100000000000000000
00010100010111010000011101000100
11101000011111101111010000110000
11011110100110100000110110001100
10011111100010000010110101111000
11110110111111010000000000011110
00001111100110011111100111110111
01101000010010000001110101000000
10000001111101000000010111110100
00110011101001001110110110101100
01010101010111010001111011100001
10011101001110101110100110010010
01011111001100010001001000101111
00110101000101110000010011000011
11101001110110110000001101010011
00010110110110111111110011010010