011010100000001110111010
110111011111111011000101
000110110000000011110011
000010100000000001011010
010011100000001010111110
001001100000000101010110
110000101111110111010010
111111001111111111011100
000010110000000001100011
111100111111111110001011
111110111111111111010011
110000001111110111000000
000010100000000001011010
000110100000000011101010
110111001111111010111100
001001110000000101011111
000100110000000010101011
100010111111101111100011
101011111111110100100111
101100101111110101000010
110010101111111000011010
011101010000010000011101
011010100000001110111010
001000100000000100110010
110001111111110111111111
000101010000000010111101
010001000000001001100100
010000100000001001010010
101110011111110110000001
011100100000010000000010
001001010000000101001101
001010010000000101110001
001000110000000100111011
100001001111101110100100
